%YAML:1.0
R: !!opencv-matrix
   rows: 3
   cols: 3
   dt: d
   data: [ 9.9999083976023384e-01, -3.8832940164738837e-03,
       -1.8001175528215413e-03, 3.8775599062066428e-03,
       9.9998743225215758e-01, -3.1780287774658793e-03,
       1.8124361495337733e-03, 3.1710196023110098e-03,
       9.9999332983269729e-01 ]
T: !!opencv-matrix
   rows: 3
   cols: 1
   dt: d
   data: [ 2.9884651465164112e+01, 3.2111822386354177e-01,
       -5.2907897095896106e-02 ]
R1: !!opencv-matrix
   rows: 3
   cols: 3
   dt: d
   data: [ 9.9997000250081136e-01, 6.8558062146095965e-03,
       -3.6044444336430642e-03, -6.8614951260242696e-03,
       9.9997522983003151e-01, -1.5683147041083820e-03,
       3.5936030892468689e-03, 1.5929995365028093e-03,
       9.9999227415481262e-01 ]
R2: !!opencv-matrix
   rows: 3
   cols: 3
   dt: d
   data: [ 9.9994070784827149e-01, 1.0744618669795265e-02,
       -1.7702987145242557e-03, -1.0741806948863645e-02,
       9.9994104068435907e-01, 1.5902007906119712e-03,
       1.7872804400270574e-03, -1.5710902971521504e-03,
       9.9999716864794530e-01 ]
P1: !!opencv-matrix
   rows: 3
   cols: 4
   dt: d
   data: [ 2.9005609665527771e+05, 0., 4.2304531005859375e+04, 0., 0.,
       2.9005609665527771e+05, 1.0813712451171875e+05, 0., 0., 0., 1.,
       0. ]
P2: !!opencv-matrix
   rows: 3
   cols: 4
   dt: d
   data: [ 2.9005609665527771e+05, 0., 4.2304531005859375e+04,
       8.6687393420972954e+06, 0., 2.9005609665527771e+05,
       1.0813712451171875e+05, 0., 0., 0., 1., 0. ]
Q: !!opencv-matrix
   rows: 4
   cols: 4
   dt: d
   data: [ 1., 0., 0., -4.2304531005859375e+04, 0., 1., 0.,
       -1.0813712451171875e+05, 0., 0., 0., 2.9005609665527771e+05, 0.,
       0., -3.3460009028844807e-02, 0. ]
