%YAML:1.0
M1: !!opencv-matrix
   rows: 3
   cols: 3
   dt: d
   data: [ 1.2684746330115941e+03, 0., 8.3208777072777536e+02, 0.,
       1.2684746330115941e+03, 4.7683206658567116e+02, 0., 0., 1. ]
D1: !!opencv-matrix
   rows: 1
   cols: 12
   dt: d
   data: [ 1.3140121215360625e-02, 5.3000188346688204e-01, 0., 0., 0.,
       0., 0., 1.8061377257033620e+00, 0., 0., 0., 0. ]
M2: !!opencv-matrix
   rows: 3
   cols: 3
   dt: d
   data: [ 1.2684746330115941e+03, 0., 8.0262884572274390e+02, 0.,
       1.2684746330115941e+03, 5.1286172624200503e+02, 0., 0., 1. ]
D2: !!opencv-matrix
   rows: 1
   cols: 12
   dt: d
   data: [ 4.1388441045473942e-02, 5.2789915796192921e-01, 0., 0., 0.,
       0., 0., 2.2265283381651311e+00, 0., 0., 0., 0. ]
